strict digraph {
2;
3;
794;
4;
5;
208;
6;
115;
7;
8;
9;
10;
11;
12;
13;
14;
15;
16;
175;
17;
18;
931;
19;
162;
20;
21;
22;
23;
24;
25;
587;
26;
27;
303;
28;
29;
30;
31;
32;
33;
725;
34;
35;
36;
37;
38;
39;
667;
40;
696;
41;
766;
42;
398;
43;
44;
45;
329;
46;
697;
47;
200;
48;
49;
50;
51;
52;
53;
54;
55;
56;
57;
58;
59;
60;
61;
942;
62;
834;
63;
64;
65;
66;
623;
67;
68;
69;
70;
71;
72;
73;
953;
74;
543;
75;
76;
77;
78;
79;
80;
81;
82;
83;
483;
84;
85;
453;
86;
87;
88;
958;
89;
91;
90;
732;
92;
437;
93;
94;
505;
95;
96;
97;
98;
712;
99;
100;
221;
101;
102;
103;
104;
105;
106;
107;
108;
109;
110;
111;
112;
113;
326;
114;
116;
117;
408;
118;
634;
119;
580;
120;
121;
122;
123;
124;
464;
125;
126;
264;
127;
856;
128;
129;
130;
131;
132;
133;
134;
135;
795;
136;
137;
138;
572;
139;
140;
141;
142;
143;
144;
145;
146;
147;
148;
149;
150;
403;
151;
152;
201;
153;
154;
155;
156;
157;
158;
878;
159;
160;
754;
161;
163;
164;
165;
698;
166;
167;
168;
169;
459;
170;
171;
172;
173;
174;
176;
177;
178;
997;
179;
316;
180;
181;
815;
182;
183;
184;
825;
185;
779;
186;
187;
798;
188;
399;
189;
190;
191;
192;
193;
194;
195;
196;
197;
198;
506;
199;
412;
202;
203;
204;
957;
205;
206;
207;
223;
831;
209;
210;
501;
211;
212;
213;
214;
215;
216;
217;
218;
219;
220;
846;
222;
889;
224;
225;
407;
226;
227;
228;
229;
344;
230;
231;
232;
233;
234;
235;
236;
237;
238;
239;
240;
241;
242;
975;
243;
244;
245;
246;
894;
247;
248;
249;
250;
251;
871;
252;
253;
610;
254;
255;
256;
257;
258;
955;
259;
260;
606;
261;
262;
973;
263;
265;
266;
267;
855;
268;
269;
270;
271;
272;
273;
274;
275;
276;
536;
277;
995;
278;
618;
279;
280;
281;
282;
283;
284;
285;
286;
287;
288;
289;
290;
291;
292;
293;
294;
295;
296;
297;
870;
298;
299;
300;
301;
302;
304;
305;
306;
307;
650;
308;
309;
310;
311;
312;
690;
313;
314;
315;
317;
318;
319;
839;
320;
321;
609;
322;
323;
324;
435;
325;
327;
328;
330;
331;
524;
332;
333;
334;
335;
336;
701;
337;
338;
339;
340;
341;
342;
343;
452;
965;
345;
346;
347;
348;
349;
350;
450;
351;
352;
668;
353;
354;
355;
356;
357;
358;
386;
359;
360;
361;
362;
363;
364;
365;
366;
367;
937;
368;
369;
370;
371;
372;
373;
374;
375;
376;
377;
378;
379;
380;
723;
381;
382;
383;
384;
385;
387;
388;
389;
400;
390;
391;
392;
393;
394;
395;
396;
397;
510;
401;
402;
404;
405;
406;
671;
409;
854;
410;
411;
413;
414;
415;
416;
417;
418;
419;
420;
421;
581;
422;
423;
424;
425;
426;
731;
427;
428;
763;
429;
430;
431;
717;
432;
433;
434;
436;
438;
439;
440;
441;
442;
570;
443;
444;
445;
446;
447;
448;
674;
449;
669;
451;
454;
455;
456;
884;
457;
687;
458;
460;
461;
462;
463;
877;
552;
465;
466;
467;
468;
469;
470;
471;
472;
473;
914;
474;
475;
476;
477;
478;
479;
480;
481;
482;
484;
485;
486;
487;
718;
488;
895;
489;
490;
550;
491;
492;
493;
494;
495;
496;
497;
498;
499;
500;
502;
503;
504;
628;
507;
508;
509;
511;
512;
513;
514;
643;
515;
516;
517;
518;
519;
520;
521;
522;
523;
525;
526;
527;
528;
529;
530;
531;
532;
533;
534;
535;
537;
538;
598;
539;
540;
541;
542;
544;
545;
546;
547;
621;
548;
549;
960;
551;
553;
554;
555;
556;
557;
558;
559;
560;
561;
562;
563;
564;
565;
566;
567;
568;
569;
571;
573;
574;
595;
575;
576;
577;
578;
579;
582;
786;
583;
584;
906;
585;
586;
588;
589;
590;
783;
591;
592;
593;
594;
596;
597;
599;
600;
601;
602;
603;
604;
605;
979;
607;
608;
611;
612;
613;
614;
615;
809;
616;
617;
619;
620;
622;
773;
624;
625;
626;
627;
757;
629;
630;
631;
632;
633;
635;
636;
637;
638;
639;
640;
641;
642;
644;
645;
646;
647;
648;
649;
651;
652;
673;
653;
654;
655;
656;
761;
657;
658;
659;
660;
661;
662;
663;
664;
665;
666;
670;
672;
785;
675;
676;
677;
678;
679;
715;
680;
681;
682;
683;
789;
684;
685;
686;
962;
688;
689;
691;
692;
693;
694;
695;
699;
700;
702;
703;
704;
705;
706;
707;
708;
709;
710;
711;
713;
714;
716;
719;
720;
721;
722;
767;
724;
726;
727;
728;
729;
730;
733;
734;
735;
736;
737;
738;
739;
740;
741;
742;
743;
744;
745;
746;
747;
748;
749;
750;
751;
752;
753;
755;
756;
758;
759;
760;
762;
764;
765;
932;
768;
769;
770;
771;
860;
772;
774;
775;
776;
777;
778;
780;
781;
782;
784;
787;
788;
790;
791;
792;
793;
796;
797;
940;
969;
799;
992;
800;
801;
802;
803;
804;
805;
806;
807;
808;
810;
811;
812;
813;
814;
816;
817;
818;
819;
820;
821;
822;
823;
824;
826;
827;
828;
829;
830;
832;
833;
835;
836;
837;
838;
840;
841;
842;
843;
844;
845;
847;
848;
849;
850;
851;
852;
853;
857;
858;
948;
859;
861;
862;
863;
864;
865;
866;
867;
868;
869;
872;
986;
873;
874;
875;
876;
879;
880;
881;
882;
883;
885;
886;
907;
887;
888;
890;
891;
892;
893;
896;
919;
897;
898;
899;
900;
901;
902;
983;
903;
904;
905;
908;
909;
910;
911;
912;
913;
915;
916;
917;
918;
920;
921;
922;
923;
924;
925;
926;
927;
928;
929;
930;
933;
934;
951;
935;
936;
938;
939;
941;
943;
944;
945;
946;
947;
949;
950;
952;
954;
956;
959;
961;
963;
964;
966;
967;
968;
970;
971;
972;
974;
976;
977;
978;
980;
981;
982;
984;
985;
987;
988;
989;
990;
991;
993;
994;
996;
998;
999;
3 -> 794;
5 -> 208;
5 -> 780;
208 -> 831;
6 -> 115;
6 -> 688;
16 -> 175;
18 -> 931;
19 -> 162;
19 -> 268;
25 -> 587;
27 -> 303;
33 -> 725;
39 -> 667;
40 -> 696;
41 -> 766;
41 -> 900;
42 -> 398;
398 -> 510;
45 -> 329;
46 -> 697;
47 -> 200;
47 -> 728;
200 -> 412;
61 -> 942;
62 -> 834;
66 -> 623;
73 -> 953;
74 -> 543;
74 -> 742;
83 -> 483;
85 -> 453;
85 -> 945;
88 -> 958;
89 -> 91;
90 -> 732;
92 -> 437;
92 -> 653;
94 -> 505;
98 -> 712;
100 -> 221;
221 -> 846;
113 -> 326;
117 -> 408;
118 -> 634;
119 -> 580;
121 -> 667;
124 -> 464;
464 -> 552;
464 -> 571;
126 -> 264;
127 -> 856;
135 -> 795;
135 -> 857;
138 -> 572;
138 -> 835;
150 -> 403;
152 -> 201;
152 -> 349;
158 -> 878;
160 -> 754;
165 -> 698;
169 -> 459;
178 -> 997;
179 -> 316;
179 -> 841;
181 -> 815;
184 -> 825;
185 -> 779;
187 -> 798;
798 -> 969;
188 -> 399;
196 -> 587;
198 -> 506;
198 -> 610;
204 -> 957;
207 -> 223;
223 -> 889;
210 -> 501;
225 -> 407;
407 -> 671;
229 -> 344;
344 -> 965;
238 -> 794;
242 -> 975;
246 -> 894;
251 -> 871;
253 -> 610;
258 -> 955;
260 -> 606;
606 -> 979;
262 -> 973;
267 -> 855;
276 -> 536;
277 -> 995;
278 -> 618;
297 -> 870;
307 -> 650;
312 -> 690;
319 -> 839;
321 -> 609;
321 -> 949;
324 -> 435;
331 -> 524;
331 -> 695;
336 -> 701;
340 -> 795;
343 -> 452;
350 -> 450;
352 -> 668;
352 -> 966;
355 -> 623;
358 -> 386;
362 -> 825;
367 -> 937;
377 -> 403;
380 -> 723;
389 -> 400;
409 -> 854;
421 -> 581;
426 -> 731;
428 -> 763;
431 -> 717;
442 -> 570;
448 -> 674;
449 -> 669;
449 -> 727;
456 -> 884;
457 -> 687;
463 -> 877;
473 -> 914;
487 -> 718;
488 -> 895;
490 -> 550;
504 -> 628;
628 -> 757;
514 -> 643;
538 -> 598;
547 -> 621;
549 -> 960;
574 -> 595;
582 -> 786;
584 -> 906;
590 -> 783;
615 -> 809;
622 -> 773;
652 -> 673;
673 -> 785;
656 -> 761;
679 -> 715;
683 -> 789;
686 -> 962;
688 -> 874;
722 -> 767;
765 -> 932;
771 -> 860;
774 -> 884;
797 -> 940;
799 -> 992;
800 -> 942;
858 -> 948;
872 -> 986;
886 -> 907;
896 -> 919;
898 -> 992;
900 -> 901;
902 -> 983;
934 -> 951;
}

