999
3 794
426 731
464 552
321 949
449 669
6 688
590 783
19 162
798 969
124 464
344 965
118 634
210 501
184 825
18 931
487 718
457 687
340 795
549 960
90 732
85 453
367 937
331 695
19 268
179 841
89 91
398 510
331 524
92 437
138 572
221 846
380 723
74 543
547 621
73 953
800 942
61 942
178 997
652 673
355 623
448 674
113 326
5 780
92 653
47 728
121 667
169 459
100 221
152 349
160 754
319 839
229 344
297 870
771 860
902 983
686 962
39 667
628 757
127 856
352 668
799 992
238 794
421 581
473 914
46 697
358 386
896 919
196 587
185 779
6 115
774 884
622 773
431 717
656 761
225 407
312 690
797 940
428 763
352 966
722 767
40 696
277 995
377 403
200 412
442 570
33 725
66 623
198 506
584 906
389 400
488 895
615 809
276 536
934 951
138 835
673 785
42 398
258 955
463 877
324 435
898 992
464 571
253 610
179 316
262 973
165 698
456 884
85 945
504 628
135 857
242 975
574 595
251 871
362 825
27 303
207 223
407 671
246 894
606 979
449 727
152 201
187 798
5 208
490 550
538 598
41 766
158 878
47 200
260 606
267 855
198 610
181 815
886 907
126 264
582 786
679 715
223 889
88 958
135 795
336 701
514 643
117 408
343 452
765 932
688 874
278 618
421 874
409 854
83 483
858 948
45 329
119 580
321 609
94 505
204 957
41 900
307 650
350 450
150 403
872 986
74 742
900 901
188 399
98 712
16 175
208 831
25 587
62 834
683 789